10005
10171
10261
10263
10271
102954
1034
104
10479
105
10643
108062
1082
10929
10932
109422
10951
10953
109867
10994
11058
11060
1127
11308
11313
11349
113803
1143
114408
114610
11480
11484
11569
11592
11597
11691
117001
117608
117776
11954
1197
11976
120
12007
12036
121047
121051
12121
121311
12159
121747
121760
122027
122127
12216
122240
12236
122594
12266
122688
12281
122987
1235
123625
12468
12501
12621
12674
12875
1297
1299
13027
132241
13227
13230
13238
13270
134247
1349
13543
13616
136620
1371
137657
137801
13805
1381
13815
13841
13852
13854
1388
13932
139673
14013
14166
14193
14241
14442
14496
14663
14744
148
148195
15273
15274
15287
1530
15361
1542
1547
15486
1550
1554
15653
1568
15698
15769
15792
15828
15831
1595
16015
16035
16111
16117
16120
1615
16153
16166
16168
16230
16233
16238
1624
16311
16351
16639
16650
1667
16704
175
1750
17591
1764
1767
17754
17815
17901
17907
17910
17936
17947
17957
1816
1820
18239
18344
18351
18416
18556
18623
1878
18915
18997
18999
19
19005
19180
19194
19367
19488
19505
1954
19653
19776
19998
2000
20000
20091
2015
2022
2035
20464
20546
20551
20554
20750
20756
208973
20948
20988
21
21063
21218
2128
2139
21435
21455
2149
2151
21558
21620
21668
2186
2209
2231
2234
22351
22646
22735
23027
23510
2370
23702
24307
24313
24314
24315
2438
2451
2465
2478
24856
2490
2501
2502
2514
2526
25333
2540
25457
25621
25629
25764
2588
26076
26280
26302
2696
2705
2709
2714
27155
27295
275
27618
27645
27646
278
27858
2814
28255
2827
28305
28410
2843
28455
2846
28466
2868
2880
2891
29354
29503
2961
2962
29744
29797
298
29813
29894
3
3008
30085
30252
30325
30615
30721
3075
30834
30902
30906
31043
31065
31130
3126
31429
31442
3178
32006
32278
32324
324
32611
32616
32766
32776
32890
32948
32951
33010
33187
33317
33318
33327
33654
33657
33660
33669
3371
33726
33762
33802
3385
33885
3393
33945
33965
33975
34007
34078
34194
34286
34335
34352
34360
34410
34412
34424
34462
34484
34486
34576
34685
34850
34864
34994
35098
35273
35276
35284
35293
35306
35374
354
35451
35490
3558
35594
35602
35623
35653
35754
358
3580
3583
359
35995
36055
3610
3615
36396
36461
36498
36620
36773
36858
36914
36917
36971
3700
37005
37025
37067
37088
37096
37168
37175
37350
3740
37406
37412
37413
37538
37639
37694
37759
3781
37836
37868
3787
37884
37967
38205
38295
38338
38371
38406
38450
38477
38485
38571
38758
38923
39029
39315
39339
39344
3937
39508
39524
39574
3958
39954
39955
39958
39959
4
4012
40161
40261
40330
40342
40461
40644
40652
40708
40846
40989
40997
41005
41156
41257
41327
41409
4148
41570
41657
41793
41987
42280
42317
42357
42359
42368
42425
42454
42465
42467
42468
4277
42852
42890
429
42946
43395
43740
43748
43753
4380
43844
44036
4412
44299
44569
448
44817
453
45355
45364
45531
45726
4595
4628
4670
46714
46759
46764
4719
4731
4854
4859
4861
49194
4972
499
5
50014
5021
50431
50517
50646
5071
50770
50794
51072
51729
51769
51852
52187
52663
53719
541
5447
5455
54658
5522
5579
560
56261
56294
5633
565
5670
56904
57913
5840
5883
5886
59134
60
6019
6057
60936
6096
6196
6415
6515
6653
6742
6907
6964
697
69750
7007
70121
70239
70242
718
7197
72313
7322
7333
73601
7371
7377
7427
74360
7570
7600
7640
7657
768
7688
7735
777
7780
7863
7930
8036
8084
81477
81768
8222
8272
8430
8460
854
85981
86
8606
8614
8641
8642
8646
8655
8687
8691
8702
8720
87789
8788
8848
8899
8912
90
9011
90170
9086
9103
9107
911
9289
9363
9416
95746
9580
9586
965
9725
9963
9972